3.511817574000000000e+09 5.000000000000000000e+00 4.035633965791451061e+00 4.106579596550228598e+04 5.000000000000000000e+00 0.000000000000000000e+00
1.393541639000000000e+09 5.091743119266054940e+00 3.288215942099540268e+00 9.699099429906935256e+03 5.000000000000000000e+00 0.000000000000000000e+00
2.570439206000000000e+09 5.183486238532109880e+00 1.976818670063055450e+00 6.283185307179586380e+04 0.000000000000000000e+00 5.346085287823896692e+00
1.825015350000000000e+08 5.275229357798165708e+00 0.000000000000000000e+00 1.982430592173733748e+04 5.000000000000000000e+00 0.000000000000000000e+00
4.219768375000000000e+09 5.366972477064220648e+00 0.000000000000000000e+00 1.276000000000059487e+01 5.000000000000000000e+00 0.000000000000000000e+00
9.026437090000000000e+08 5.458715596330275588e+00 3.082368222293665028e+00 9.619999999991975983e+02 5.000000000000000000e+00 0.000000000000000000e+00
9.014905470000000000e+08 5.550458715596331416e+00 0.000000000000000000e+00 1.949347061451037689e+03 5.000000000000000000e+00 0.000000000000000000e+00
2.616837840000000000e+08 5.642201834862386356e+00 2.902277308918517207e-01 9.505999999998603300e+01 5.000000000000000000e+00 0.000000000000000000e+00
2.075559816000000000e+09 5.733944954128440408e+00 4.216046544211115688e+00 8.605799999992898393e+02 5.000000000000000000e+00 0.000000000000000000e+00
1.606092012000000000e+09 5.825688073394494459e+00 1.570796326794896558e+00 3.262999999997757641e+02 5.000000000000000000e+00 0.000000000000000000e+00
1.199578444000000000e+09 5.917431192660547623e+00 3.141592653589793116e+00 9.611999999998506894e+01 5.000000000000000000e+00 0.000000000000000000e+00
1.986191244000000000e+09 6.009174311926605228e+00 4.712388980384689674e+00 1.051999999999768107e+02 5.000000000000000000e+00 0.000000000000000000e+00
3.346747773000000000e+09 6.100917431192661056e+00 7.850676984618205623e-01 3.565999999999979053e+01 5.000000000000000000e+00 0.000000000000000000e+00
2.058225387000000000e+09 6.192660550458714219e+00 1.570796326794897446e+00 3.040414947451189801e+04 5.000000000000000000e+00 0.000000000000000000e+00
1.133342750000000000e+09 6.284403669724771824e+00 3.885250782412545956e+00 1.043068649142689537e+04 6.000000000000000000e+00 0.000000000000000000e+00
2.286366904000000000e+09 6.376146788990824987e+00 3.320930698902881950e+00 6.283185307179586380e+04 0.000000000000000000e+00 6.390582022276730889e+00
7.326730330000000000e+08 6.467889908256880815e+00 2.694605484299437137e-01 1.238615355275095135e+04 6.000000000000000000e+00 0.000000000000000000e+00
1.021595981000000000e+09 6.559633027522937532e+00 0.000000000000000000e+00 7.315015307202109398e+03 6.000000000000000000e+00 0.000000000000000000e+00
1.545080100000000000e+07 6.651376146788989807e+00 3.199860910019523441e+00 3.638390771957805555e+04 6.000000000000000000e+00 0.000000000000000000e+00
2.478714419000000000e+09 6.743119266055045635e+00 5.605710021182825464e+00 7.212585307199873569e+03 6.000000000000000000e+00 0.000000000000000000e+00
3.600322513000000000e+09 6.834862385321098799e+00 3.361959247897652325e+00 6.283185307179586380e+04 0.000000000000000000e+00 6.809884213574524559e+00
2.326983082000000000e+09 6.926605504587156403e+00 1.570796326794896558e+00 6.283185307179586380e+04 0.000000000000000000e+00 7.007789189610266867e+00
3.643281641000000000e+09 7.018348623853211343e+00 4.712388980384689674e+00 6.283185307179586380e+04 0.000000000000000000e+00 7.022689210562548467e+00
1.823928935000000000e+09 7.110091743119266283e+00 1.570796326794896558e+00 6.283185307179586380e+04 0.000000000000000000e+00 7.144886393871147767e+00
3.876939910000000000e+09 7.201834862385321223e+00 1.570796326794896558e+00 8.694532368549298553e+03 5.000000000000000000e+00 0.000000000000000000e+00
4.998042960000000000e+08 7.293577981651377051e+00 0.000000000000000000e+00 2.383422710609398928e+04 6.000000000000000000e+00 0.000000000000000000e+00
2.839187597000000000e+09 7.385321100917431103e+00 1.650470367588906306e+00 6.283185307179586380e+04 0.000000000000000000e+00 7.462517815011542766e+00
3.892184117000000000e+09 7.477064220183488708e+00 6.089856712721471332e+00 6.283185307179586380e+04 0.000000000000000000e+00 7.480157795469088988e+00
2.856635860000000000e+09 7.568807339449540983e+00 3.508622503976813078e+00 6.283185307179586380e+04 0.000000000000000000e+00 7.539224115929929582e+00
3.587606479000000000e+09 7.660550458715594146e+00 3.328179036793471823e+00 6.283185307179586380e+04 0.000000000000000000e+00 7.539559619500530552e+00
1.978688979000000000e+09 7.752293577981650863e+00 4.941805552637005050e+00 6.283185307179586380e+04 0.000000000000000000e+00 7.793058391790983030e+00
9.783690350000000000e+08 7.844036697247707579e+00 3.776212621957913296e+00 3.482793065829895204e+04 6.000000000000000000e+00 0.000000000000000000e+00
2.104098320000000000e+08 7.935779816513762519e+00 1.570796326794896558e+00 5.446247364152071532e+04 6.000000000000000000e+00 0.000000000000000000e+00
1.133777225000000000e+09 8.027522935779817459e+00 3.141592653589793116e+00 1.037412649143594899e+04 6.000000000000000000e+00 0.000000000000000000e+00
3.311958493000000000e+09 8.119266055045871511e+00 3.753574707747895811e+00 2.115337061454660670e+03 6.000000000000000000e+00 0.000000000000000000e+00
2.042483679000000000e+09 8.211009174311925563e+00 3.141592653589793116e+00 4.513211184323976340e+03 6.000000000000000000e+00 0.000000000000000000e+00
3.272297428000000000e+09 8.302752293577981391e+00 1.570796326794896558e+00 3.609464122895762102e+03 6.000000000000000000e+00 0.000000000000000000e+00
2.823464788000000000e+09 8.394495412844042548e+00 0.000000000000000000e+00 2.825654122878653197e+03 6.000000000000000000e+00 0.000000000000000000e+00
4.027768645000000000e+09 8.486238532110093047e+00 2.387732506177298930e+00 1.517267061441606302e+03 6.000000000000000000e+00 0.000000000000000000e+00
1.587857763000000000e+09 8.577981651376148875e+00 8.881784197001252323e-16 9.734299999991872028e+02 6.000000000000000000e+00 0.000000000000000000e+00
3.070154254000000000e+09 8.669724770642199374e+00 3.141592653589793560e+00 4.087499999997007762e+02 6.000000000000000000e+00 0.000000000000000000e+00
1.896618944000000000e+09 8.761467889908256979e+00 4.712388980384689674e+00 2.616144122874080040e+03 6.000000000000000000e+00 0.000000000000000000e+00
1.636193903000000000e+09 8.853211009174312807e+00 3.141592653589794892e+00 1.514697061441550204e+03 6.000000000000000000e+00 0.000000000000000000e+00
2.947693326000000000e+09 8.944954128440368635e+00 2.907558240904446478e-01 1.965099999998937790e+02 6.000000000000000000e+00 0.000000000000000000e+00
1.970096241000000000e+09 9.036697247706420910e+00 3.141592653589793116e+00 2.057537061453399019e+03 6.000000000000000000e+00 0.000000000000000000e+00
1.177744807000000000e+09 9.128440366972473186e+00 3.141592653589793116e+00 3.835481184309182936e+03 6.000000000000000000e+00 0.000000000000000000e+00
2.777835990000000000e+08 9.220183486238532566e+00 3.661075941220547580e+00 6.283185307179586380e+04 0.000000000000000000e+00 9.784018957781928094e+00
2.075233920000000000e+08 9.311926605504583065e+00 3.141592653589793116e+00 6.283185307179586380e+04 0.000000000000000000e+00 9.323943052387065222e+00
6.301704050000000000e+08 9.403669724770642446e+00 3.141592653589793116e+00 6.283185307179586380e+04 0.000000000000000000e+00 9.520112550712612531e+00
3.234988870000000000e+08 9.495412844036696498e+00 1.570796326794896558e+00 6.283185307179586380e+04 0.000000000000000000e+00 9.543306806687105848e+00
3.129116419000000000e+09 9.587155963302754103e+00 0.000000000000000000e+00 9.857199999991760251e+02 6.000000000000000000e+00 0.000000000000000000e+00
2.863446960000000000e+08 9.678899082568806378e+00 3.009440671578289539e+00 6.283185307179586380e+04 0.000000000000000000e+00 9.373967801916327502e+00
1.777561400000000000e+08 9.770642201834863982e+00 5.800337741513421186e+00 6.283185307179586380e+04 0.000000000000000000e+00 9.783115994441157426e+00
4.128922832000000000e+09 9.862385321100916258e+00 3.141592653589793116e+00 5.021830539536717697e+04 6.000000000000000000e+00 0.000000000000000000e+00
3.046344700000000000e+08 9.954128440366973862e+00 5.811722440862212125e+00 5.507058245754156815e+03 6.000000000000000000e+00 0.000000000000000000e+00
6.143512320000000000e+08 1.004587155963302791e+01 0.000000000000000000e+00 1.556144473715388449e+04 6.000000000000000000e+00 0.000000000000000000e+00
2.260947422000000000e+09 1.013761467889908197e+01 2.681126499136919250e+00 4.845299999996318547e+02 6.000000000000000000e+00 0.000000000000000000e+00
1.031477662000000000e+09 1.022935779816514135e+01 5.828076653120575656e+00 2.963999999998029580e+02 6.000000000000000000e+00 0.000000000000000000e+00
2.507050720000000000e+08 1.032110091743119185e+01 2.443369981967027371e+00 8.384299999993099846e+02 6.000000000000000000e+00 0.000000000000000000e+00
3.635911739000000000e+09 1.041284403669725478e+01 0.000000000000000000e+00 1.141320000001702056e+03 6.000000000000000000e+00 0.000000000000000000e+00
4.258847780000000000e+09 1.050458715596329817e+01 3.141592653589793116e+00 1.066640000000071950e+03 6.000000000000000000e+00 0.000000000000000000e+00
2.844262492000000000e+09 1.059633027522935933e+01 4.504811158454099740e+00 2.695718829026993626e+04 6.000000000000000000e+00 0.000000000000000000e+00
1.801158114000000000e+09 1.068807339449541516e+01 4.296581352792809838e-01 2.927654122880879640e+03 6.000000000000000000e+00 0.000000000000000000e+00
8.437772560000000000e+08 1.077981651376146566e+01 3.141592653589793116e+00 3.470134122892720825e+03 6.000000000000000000e+00 0.000000000000000000e+00
1.973522440000000000e+08 1.087155963302752504e+01 0.000000000000000000e+00 2.628283122895265114e+04 6.000000000000000000e+00 0.000000000000000000e+00
2.562740270000000000e+08 1.096330275229358264e+01 0.000000000000000000e+00 6.283185307179586380e+04 0.000000000000000000e+00 1.099307280652526764e+01
1.484403239000000000e+09 1.105504587155963492e+01 0.000000000000000000e+00 6.283185307179586380e+04 0.000000000000000000e+00 1.105679780694937797e+01
2.229028873000000000e+09 1.114678899082568897e+01 1.071421154863552161e-01 6.283185307179586380e+04 0.000000000000000000e+00 1.138207718615706554e+01
3.597243832000000000e+09 1.123853211009174657e+01 5.881349599222419400e+00 6.283185307179586380e+04 0.000000000000000000e+00 1.222038181065884999e+01
3.665920511000000000e+09 1.133027522935779885e+01 2.069001372168877140e-01 6.283185307179586380e+04 0.000000000000000000e+00 1.409696897045916941e+01
1.674099000000000000e+06 1.142201834862385468e+01 6.031381543864456241e+00 6.283185307179586380e+04 0.000000000000000000e+00 1.218657674791346501e+01
2.137227068000000000e+09 1.151376146788990873e+01 4.708063892523828287e+00 6.283185307179586380e+04 0.000000000000000000e+00 1.160999784572629956e+01
1.525921519000000000e+09 1.160550458715596100e+01 1.570796326794896558e+00 6.283185307179586380e+04 0.000000000000000000e+00 1.161495232565200908e+01
2.754685400000000000e+07 1.169724770642201683e+01 3.522278221921149477e+00 6.283185307179586380e+04 0.000000000000000000e+00 1.174491758216657367e+01
6.992022540000000000e+08 1.178899082568807088e+01 3.141592653589793116e+00 6.283185307179586380e+04 0.000000000000000000e+00 1.180723872883217496e+01
8.593184380000000000e+08 1.188073394495412671e+01 1.570796326794896558e+00 6.283185307179586380e+04 0.000000000000000000e+00 1.184500620380070934e+01
1.504426421000000000e+09 1.197247706422017721e+01 3.141592653589793116e+00 6.283185307179586380e+04 0.000000000000000000e+00 1.199408809858648262e+01
2.121629032000000000e+09 1.206422018348623304e+01 3.141592653589793116e+00 6.283185307179586380e+04 0.000000000000000000e+00 1.208511252370900557e+01
3.147019182000000000e+09 1.215596330275229420e+01 2.532352560797816565e+00 6.283185307179586380e+04 0.000000000000000000e+00 1.213998404014953003e+01
1.568102567000000000e+09 1.224770642201835180e+01 0.000000000000000000e+00 6.283185307179586380e+04 0.000000000000000000e+00 1.221194367589466090e+01
3.213749786000000000e+09 1.233944954128440052e+01 3.495422708728909811e+00 6.283185307179586380e+04 0.000000000000000000e+00 1.263883538497262826e+01
2.211796693000000000e+09 1.243119266055045813e+01 3.311849637122761703e+00 6.283185307179586380e+04 0.000000000000000000e+00 1.243716148343935757e+01
3.192847010000000000e+09 1.252293577981651040e+01 3.320308664491645523e+00 6.283185307179586380e+04 0.000000000000000000e+00 1.257993453795942074e+01
8.040366940000000000e+08 1.261467889908256801e+01 4.712388980384689674e+00 6.283185307179586380e+04 0.000000000000000000e+00 1.255605354254621986e+01
1.785092791000000000e+09 1.270642201834862384e+01 4.712388980384689674e+00 6.283185307179586380e+04 0.000000000000000000e+00 1.268659371976534800e+01
2.169633124000000000e+09 1.279816513761468144e+01 4.712388980384689674e+00 6.283185307179586380e+04 0.000000000000000000e+00 1.276639736968436090e+01
2.114948603000000000e+09 1.288990825688073016e+01 3.141592653589793116e+00 6.283185307179586380e+04 0.000000000000000000e+00 1.288811676035405540e+01
2.032036919000000000e+09 1.298165137614679132e+01 3.298053272877430331e-01 6.283185307179586380e+04 0.000000000000000000e+00 1.299901395330345011e+01
2.086962346000000000e+09 1.307339449541284893e+01 0.000000000000000000e+00 6.283185307179586380e+04 0.000000000000000000e+00 1.307378435384432791e+01
2.150495594000000000e+09 1.316513761467889765e+01 1.570796326794895670e+00 6.283185307179586380e+04 0.000000000000000000e+00 1.316202485311217352e+01
1.633735300000000000e+07 1.325688073394495525e+01 1.318740502799231606e-01 6.283185307179586380e+04 0.000000000000000000e+00 1.326238304619902308e+01
1.199733567000000000e+09 1.334862385321100930e+01 4.712388980384688786e+00 6.283185307179586380e+04 0.000000000000000000e+00 1.337575348596055669e+01
6.225760740000000000e+08 1.344036697247706336e+01 4.712388980384689674e+00 6.283185307179586380e+04 0.000000000000000000e+00 1.345045704757604810e+01
3.303438532000000000e+09 1.353211009174312096e+01 1.594521018977754778e-01 6.283185307179586380e+04 0.000000000000000000e+00 1.352631143563614557e+01
3.444954284000000000e+09 1.362385321100917324e+01 3.449835671010713867e+00 6.283185307179586380e+04 0.000000000000000000e+00 1.362901876912716581e+01
3.954216462000000000e+09 1.371559633027522906e+01 2.087920302660823069e+00 6.283185307179586380e+04 0.000000000000000000e+00 1.370543356253564937e+01
9.186857070000000000e+08 1.380733944954128845e+01 5.980696068740932958e+00 6.283185307179586380e+04 0.000000000000000000e+00 1.382747130533976332e+01
1.491659417000000000e+09 1.389908256880733539e+01 3.141592653589793116e+00 6.283185307179586380e+04 0.000000000000000000e+00 1.391509206828468947e+01
3.221580614000000000e+09 1.399082568807339833e+01 6.131388586347424230e+00 6.283185307179586380e+04 0.000000000000000000e+00 1.398604527993729540e+01
3.016709511000000000e+09 1.408256880733944882e+01 3.141592653589793116e+00 6.283185307179586380e+04 0.000000000000000000e+00 1.408383243040564281e+01
2.589464900000000000e+07 1.417431192660550643e+01 4.712388980384689674e+00 6.283185307179586380e+04 0.000000000000000000e+00 1.417856608769179161e+01
1.286169632000000000e+09 1.426605504587155515e+01 3.141592653589793116e+00 6.283185307179586380e+04 0.000000000000000000e+00 1.426099082990034006e+01
7.578708790000000000e+08 1.435779816513761808e+01 2.862124915982446893e-01 6.283185307179586380e+04 0.000000000000000000e+00 1.436302232376866073e+01
3.251345458000000000e+09 1.444954128440367214e+01 0.000000000000000000e+00 6.283185307179586380e+04 0.000000000000000000e+00 1.444787239709693871e+01
1.402365154000000000e+09 1.454128440366972086e+01 3.141592653589793116e+00 6.283185307179586380e+04 0.000000000000000000e+00 1.453044616999807026e+01
2.700206917000000000e+09 1.463302752293578202e+01 2.785904815817854541e-01 6.283185307179586380e+04 0.000000000000000000e+00 1.464669204632812516e+01
3.326166576000000000e+09 1.472477064220183784e+01 1.570796326794896558e+00 6.283185307179586380e+04 0.000000000000000000e+00 1.471479883901412045e+01
1.516846264000000000e+09 1.481651376146789012e+01 4.712388980384689674e+00 6.283185307179586380e+04 0.000000000000000000e+00 1.486072378718573894e+01
2.504986255000000000e+09 1.490825688073395128e+01 0.000000000000000000e+00 6.283185307179586380e+04 0.000000000000000000e+00 1.489780721871638747e+01
3.033050890000000000e+08 1.500000000000000355e+01 6.196214959771134900e+00 6.283185307179586380e+04 0.000000000000000000e+00 1.523684816608277792e+01
